name: serotypefinder
channels:
  - bioconda
  - defaults
dependencies:
  - _libgcc_mutex=0.1=main
  - _openmp_mutex=5.1=1_gnu
  - biopython=1.73=py37h7b6447c_0
  - blas=1.0=mkl
  - blast=2.12.0=pl5262h3289130_0
  - bzip2=1.0.8=h7b6447c_0
  - c-ares=1.19.0=h5eee18b_0
  - ca-certificates=2023.01.10=h06a4308_0
  - certifi=2022.12.7=py37h06a4308_0
  - cgecore=1.5.6=pyh3252c3a_0
  - curl=7.88.1=h5eee18b_0
  - entrez-direct=16.2=he881be0_1
  - intel-openmp=2021.4.0=h06a4308_3561
  - kma=1.3.23=h5bf99c6_0
  - krb5=1.19.4=h568e23c_0
  - ld_impl_linux-64=2.38=h1181459_1
  - libcurl=7.88.1=h91b91d3_0
  - libedit=3.1.20221030=h5eee18b_0
  - libev=4.33=h7f8727e_1
  - libffi=3.4.2=h6a678d5_6
  - libgcc-ng=11.2.0=h1234567_1
  - libgomp=11.2.0=h1234567_1
  - libidn2=2.3.2=h7f8727e_0
  - libnghttp2=1.46.0=hce63b2e_0
  - libssh2=1.10.0=h8f2d780_0
  - libstdcxx-ng=11.2.0=h1234567_1
  - libunistring=0.9.10=h27cfd23_0
  - mkl=2021.4.0=h06a4308_640
  - mkl-service=2.4.0=py37h7f8727e_0
  - mkl_fft=1.3.1=py37hd3c417c_0
  - mkl_random=1.2.2=py37h51133e4_0
  - ncurses=6.4=h6a678d5_0
  - numpy=1.21.5=py37h6c91a56_3
  - numpy-base=1.21.5=py37ha15fc14_3
  - openssl=1.1.1t=h7f8727e_0
  - pcre=8.45=h295c915_0
  - perl=5.26.2=h14c3975_0
  - perl-archive-tar=2.32=pl526_0
  - perl-carp=1.38=pl526_3
  - perl-common-sense=3.74=pl526_2
  - perl-compress-raw-bzip2=2.087=pl526he1b5a44_0
  - perl-compress-raw-zlib=2.087=pl526hc9558a2_0
  - perl-exporter=5.72=pl526_1
  - perl-exporter-tiny=1.002001=pl526_0
  - perl-extutils-makemaker=7.36=pl526_1
  - perl-io-compress=2.087=pl526he1b5a44_0
  - perl-io-zlib=1.10=pl526_2
  - perl-json=4.02=pl526_0
  - perl-json-xs=2.34=pl526h6bb024c_3
  - perl-list-moreutils=0.428=pl526_1
  - perl-list-moreutils-xs=0.428=pl526_0
  - perl-pathtools=3.75=pl526h14c3975_1
  - perl-scalar-list-utils=1.52=pl526h516909a_0
  - perl-types-serialiser=1.0=pl526_2
  - perl-xsloader=0.24=pl526_0
  - python=3.7.16=h7a1cb2a_0
  - readline=8.2=h5eee18b_0
  - serotypefinder=2.0.1=py39hdfd78af_0
  - setuptools=65.6.3=py37h06a4308_0
  - six=1.16.0=pyhd3eb1b0_1
  - sqlite=3.41.2=h5eee18b_0
  - tabulate=0.8.10=py37h06a4308_0
  - tk=8.6.12=h1ccaba5_0
  - virulencefinder=2.0.4=hdfd78af_0
  - wget=1.21.3=h0b77cf5_0
  - wheel=0.38.4=py37h06a4308_0
  - xz=5.2.10=h5eee18b_1
  - zlib=1.2.13=h5eee18b_0
  - pip:
      - pip==23.1.2
prefix: /home/akt5b/anaconda3/envs/serotypefinder
